0.226562 0.21875 0.528125 0.132812
0.226562 0.210938 0.534375 0.159375
0.226562 0.203125 0.535937 0.170313
0.226562 0.1875 0.535937 0.221875
0.226562 0.179688 0.53125 0.240625
0.226562 0.164062 0.51875 0.278125
0.226562 0.15625 0.5125 0.295312
0.226562 0.148438 0.501563 0.310937
0.226562 0.140625 0.490625 0.326562
0.226562 0.132812 0.479687 0.340625
0.226562 0.125 0.465625 0.353125
0.226562 0.117188 0.45 0.365625
0.226562 0.109375 0.435937 0.376563
0.21875 0.109375 0.439063 0.396875
0.21875 0.117188 0.45625 0.389062
0.21875 0.125 0.470313 0.378125
0.21875 0.132812 0.484375 0.365625
0.21875 0.140625 0.498437 0.353125
0.21875 0.148438 0.510938 0.3375
0.21875 0.15625 0.520312 0.323437
0.21875 0.164062 0.529687 0.30625
0.21875 0.171875 0.5375 0.289062
0.21875 0.179688 0.54375 0.271875
0.21875 0.1875 0.55 0.253125
0.21875 0.195312 0.551562 0.232813
0.21875 0.21875 0.551562 0.170313
0.210938 0.203125 0.571875 0.253125
0.210938 0.1875 0.564063 0.292187
0.210938 0.179688 0.557813 0.309375
0.210938 0.171875 0.55 0.328125
0.210938 0.164062 0.539062 0.34375
0.210938 0.15625 0.529687 0.357812
0.210938 0.148438 0.51875 0.371875
0.210938 0.140625 0.504687 0.385937
0.210938 0.132812 0.490625 0.398438
0.210938 0.125 0.475 0.407813
0.210938 0.117188 0.459375 0.417187
0.210938 0.109375 0.442188 0.425
0.203125 0.109375 0.442188 0.453125
0.203125 0.117188 0.459375 0.446875
0.203125 0.125 0.475 0.439063
0.203125 0.132812 0.492188 0.429688
0.203125 0.140625 0.507812 0.41875
0.203125 0.148438 0.521875 0.407813
0.203125 0.15625 0.534375 0.395313
0.203125 0.164062 0.546875 0.38125
0.203125 0.171875 0.557813 0.365625
0.203125 0.179688 0.567187 0.35
0.203125 0.195312 0.58125 0.314063
0.203125 0.203125 0.5875 0.29375
0.195312 0.210938 0.603125 0.31875
0.195312 0.203125 0.598437 0.3375
0.195312 0.171875 0.5625 0.404687
0.195312 0.164062 0.55 0.41875
0.195312 0.15625 0.5375 0.43125
0.195312 0.148438 0.523438 0.442188
0.195312 0.140625 0.507812 0.453125
0.195312 0.132812 0.490625 0.460938
0.195312 0.125 0.475 0.470313
0.195312 0.117188 0.457813 0.475
0.195312 0.109375 0.439063 0.479687
0.1875 0.109375 0.434375 0.50625
0.1875 0.117188 0.451562 0.503125
0.1875 0.125 0.470313 0.498437
0.1875 0.132812 0.4875 0.492188
0.1875 0.140625 0.503125 0.485938
0.1875 0.148438 0.520312 0.476562
0.1875 0.15625 0.535937 0.467187
0.1875 0.164062 0.55 0.45625
0.1875 0.171875 0.564063 0.442188
0.1875 0.179688 0.575 0.429688
0.1875 0.21875 0.617188 0.342187
0.179688 0.195312 0.596875 0.439063
0.179688 0.1875 0.5875 0.453125
0.179688 0.179688 0.575 0.467187
0.179688 0.171875 0.560937 0.48125
0.179688 0.164062 0.546875 0.492188
0.179688 0.15625 0.532813 0.501563
0.179688 0.148438 0.515625 0.510938
0.179688 0.140625 0.498437 0.517188
0.179688 0.132812 0.48125 0.523438
0.179688 0.125 0.464062 0.528125
0.179688 0.117188 0.445312 0.529687
0.179688 0.109375 0.426563 0.53125
0.171875 0.109375 0.417187 0.55625
0.171875 0.117188 0.435937 0.55625
0.171875 0.125 0.454688 0.55625
0.171875 0.132812 0.471875 0.553125
0.171875 0.140625 0.490625 0.548438
0.171875 0.148438 0.507812 0.542188
0.171875 0.15625 0.525 0.535937
0.171875 0.164062 0.540625 0.528125
0.171875 0.171875 0.55625 0.517188
0.171875 0.179688 0.56875 0.504687
0.171875 0.1875 0.582812 0.492188
0.171875 0.195312 0.595313 0.479687
0.164062 0.203125 0.603125 0.503125
0.164062 0.195312 0.590625 0.51875
0.164062 0.1875 0.576562 0.53125
0.164062 0.179688 0.5625 0.542188
0.164062 0.171875 0.546875 0.551562
0.164062 0.164062 0.529687 0.560937
0.164062 0.15625 0.514062 0.567187
0.164062 0.148438 0.496875 0.573438
0.164062 0.140625 0.478125 0.578125
0.164062 0.132812 0.460938 0.579688
0.164062 0.125 0.44375 0.58125
0.164062 0.117188 0.426563 0.58125
0.164062 0.109375 0.415625 0.579688
0.15625 0.109375 0.401562 0.603125
0.15625 0.117188 0.420312 0.60625
0.15625 0.125 0.435937 0.60625
0.15625 0.132812 0.446875 0.607812
0.15625 0.140625 0.465625 0.607812
0.15625 0.148438 0.482812 0.603125
0.15625 0.15625 0.5 0.6
0.15625 0.164062 0.517188 0.595313
0.15625 0.171875 0.534375 0.5875
0.15625 0.179688 0.551562 0.578125
0.15625 0.1875 0.565625 0.56875
0.15625 0.195312 0.58125 0.55625
0.15625 0.203125 0.595313 0.54375
0.15625 0.210938 0.607812 0.528125
0.15625 0.21875 0.617188 0.514062
0.148438 0.21875 0.609375 0.55625
0.148438 0.210938 0.596875 0.570312
0.148438 0.203125 0.582812 0.582812
0.148438 0.195312 0.56875 0.595313
0.148438 0.1875 0.553125 0.604688
0.148438 0.179688 0.5375 0.6125
0.148438 0.171875 0.520312 0.620313
0.148438 0.164062 0.503125 0.626563
0.148438 0.15625 0.485938 0.629687
0.148438 0.148438 0.467187 0.63125
0.148438 0.140625 0.45 0.632812
0.148438 0.132812 0.439063 0.632812
0.148438 0.125 0.425 0.63125
0.148438 0.117188 0.404687 0.629687
0.140625 0.125 0.404687 0.65625
0.140625 0.132812 0.423438 0.659375
0.140625 0.140625 0.435937 0.659375
0.140625 0.148438 0.448437 0.659375
0.140625 0.15625 0.465625 0.657813
0.140625 0.164062 0.484375 0.65625
0.140625 0.171875 0.501563 0.653125
0.140625 0.179688 0.51875 0.646875
0.140625 0.1875 0.535937 0.640625
0.140625 0.195312 0.551562 0.63125
0.140625 0.203125 0.56875 0.620313
0.140625 0.210938 0.584375 0.607812
0.140625 0.21875 0.596875 0.595313
0.132812 0.21875 0.58125 0.634375
0.132812 0.210938 0.567187 0.645312
0.132812 0.203125 0.551562 0.65625
