181 4
145 140 232 36
145 135 235 48
145 130 235 58
145 125 237 70
145 120 237 82
145 115 235 93
145 110 232 103
145 105 229 114
145 100 224 124
145 95 219 134
145 90 212 142
145 85 205 151
145 80 197 159
145 75 189 167
145 70 180 173
140 70 182 188
140 75 192 182
140 80 201 175
140 85 209 168
140 90 217 160
140 95 224 151
140 100 230 142
140 105 236 133
140 110 240 122
140 115 243 112
140 120 246 101
140 125 247 90
140 135 247 67
140 140 245 55
135 140 260 80
135 135 260 91
135 130 260 102
135 125 258 114
135 120 256 125
135 115 252 136
135 110 248 145
135 105 243 156
135 100 236 165
135 95 229 173
135 90 221 182
135 85 213 188
135 80 203 195
135 75 194 201
135 70 184 206
130 70 184 224
130 75 195 220
130 80 205 215
130 85 214 209
130 90 223 203
130 95 232 196
130 100 240 187
130 105 247 179
130 110 253 170
130 115 259 160
130 120 263 150
130 125 267 139
130 130 270 127
130 135 270 117
130 140 271 105
125 140 280 131
125 135 279 142
125 130 276 152
125 125 272 164
125 120 268 175
125 115 262 184
125 110 257 194
125 105 249 202
125 100 241 210
125 95 232 218
125 90 224 225
125 85 214 230
125 80 203 235
125 75 193 239
125 70 183 242
120 70 179 259
120 75 191 257
120 80 202 254
120 85 212 249
120 90 221 245
120 95 231 239
120 100 240 233
120 105 249 226
120 110 257 217
120 115 264 209
120 120 271 199
120 125 276 189
120 130 280 178
120 135 284 168
120 140 287 156
115 140 291 183
115 135 287 194
115 130 283 204
115 125 277 214
115 120 270 224
115 115 263 233
115 110 255 241
115 105 247 249
115 100 237 255
115 95 228 261
115 90 218 266
115 85 207 270
115 80 196 273
115 75 186 275
115 70 174 276
110 70 168 292
110 75 180 292
110 80 191 291
110 85 202 289
110 90 213 286
110 95 223 282
110 100 233 277
110 105 243 271
110 110 252 265
110 115 260 258
110 120 268 250
110 125 276 241
110 130 283 230
110 135 288 220
110 140 293 209
105 140 292 235
105 135 286 246
105 130 280 256
105 125 272 265
105 120 264 274
105 115 256 281
105 110 247 287
105 105 237 294
105 100 226 299
105 95 215 302
105 90 205 305
105 85 194 307
105 80 183 308
105 75 173 308
105 70 160 307
100 70 152 323
100 75 164 324
100 80 175 325
100 85 186 325
100 90 197 324
100 95 208 322
100 100 218 319
100 105 229 315
100 110 239 310
100 115 248 305
100 120 258 298
100 125 267 290
100 130 275 281
100 135 282 272
100 140 289 262
95 140 283 288
95 135 276 298
95 130 269 305
95 125 259 313
95 120 250 320
95 115 240 326
95 110 230 331
95 105 219 335
95 100 208 338
95 95 197 340
95 90 186 341
95 85 174 342
95 80 164 341
95 75 153 339
95 70 143 337
90 70 131 350
90 75 142 353
90 80 153 356
90 85 164 358
90 95 185 358
90 100 197 357
90 105 208 355
90 110 219 351
90 115 229 347
90 120 240 343
90 125 250 336
90 130 259 330
90 135 268 322
90 140 276 313
85 140 267 338
85 135 258 345
85 130 249 352
