149 6
145 140 0 0.0169004 0.00363261 0.0502783
145 130 0 0.150793 -0.234211 0.525099
145 120 0 0.145263 -0.194373 0.486001
145 110 0 0.147387 -0.175459 0.505015
145 100 0 0.141985 -0.155189 0.51007
145 90 0 0.133139 -0.135831 0.516134
145 80 0 0.116994 -0.115042 0.509766
145 70 0 0.0972844 -0.0975738 0.503234
135 70 0 0.109335 -0.063543 0.511104
135 80 0 0.1319 -0.07729 0.514937
135 90 0 0.147507 -0.0928039 0.505581
135 100 0 0.16341 -0.112425 0.50964
135 110 0 0.175985 -0.134665 0.514657
135 120 0 0.176217 -0.152923 0.493035
135 130 0 0.177015 -0.175945 0.488373
135 140 0 0.151902 -0.177188 0.427893
125 140 0 0.204962 -0.148866 0.483406
125 130 0 0.21592 -0.128805 0.381869
125 120 0 0.207419 -0.105023 0.515067
125 110 0 0.196322 -0.0833549 0.519669
125 100 0 0.178551 -0.062986 0.511863
125 90 0 0.160017 -0.0467921 0.51402
125 80 0 0.13639 -0.0326096 0.508965
125 70 0 0.109976 -0.0237878 0.501007
115 70 0 0.103994 0.0138402 0.492997
115 80 0 0.131903 0.00959524 0.502608
115 90 0 0.15974 0.000121102 0.512642
115 100 0 0.183452 -0.0129862 0.515462
115 110 0 0.19984 -0.0283838 0.508931
115 120 0 0.210459 -0.0472677 0.495477
115 130 0 0.208485 -0.0642895 0.460402
115 140 0 0.217606 -0.0891866 0.464873
105 140 0 0.219367 -0.0337644 0.4452
105 130 0 0.215767 -0.0121078 0.466177
105 120 0 0.21213 0.00669627 0.496885
105 110 0 0.198667 0.0241162 0.512617
105 100 0 0.178292 0.0377777 0.520535
105 90 0 0.148523 0.045717 0.50823
105 80 0 0.12006 0.0496379 0.502972
105 70 0 0.0929041 0.0499502 0.500467
95 70 0 0.0719127 0.0806918 0.488112
95 80 0 0.0957708 0.0823876 0.475225
95 90 0 0.129486 0.0879519 0.504874
95 100 0 0.156344 0.0829419 0.504225
95 110 0 0.183778 0.0753187 0.509992
95 120 0 0.201755 0.0600991 0.495361
95 130 0 0.204886 0.0400832 0.452826
95 140 0 0.207383 0.0199609 0.423459
85 140 0 0.193155 0.0693341 0.416128
85 130 0 0.182629 0.0880733 0.436422
145 70 15 0.109112 -0.113443 0.598914
145 80 15 0.127362 -0.130073 0.595022
145 90 15 0.14011 -0.149265 0.59158
145 100 15 0.153231 -0.174341 0.604208
145 110 15 0.159413 -0.1988 0.606285
145 120 15 0.158898 -0.221435 0.601755
145 130 15 0.157697 -0.251339 0.604444
145 140 15 0.150149 -0.280116 0.604878
135 140 15 0.1913 -0.23078 0.611382
135 130 15 0.195781 -0.207352 0.622477
135 120 15 0.192419 -0.178363 0.616373
135 110 15 0.187708 -0.155222 0.619817
135 100 15 0.177705 -0.132183 0.618726
135 90 15 0.161961 -0.110667 0.614121
135 80 15 0.140788 -0.0907382 0.602144
135 70 15 0.119555 -0.0764934 0.601072
125 70 15 0.119492 -0.0342172 0.586725
125 80 15 0.145051 -0.0446479 0.591931
125 90 15 0.174633 -0.0611263 0.623089
125 100 15 0.19441 -0.0803833 0.627287
125 110 15 0.213629 -0.104134 0.640787
125 120 15 0.224179 -0.127976 0.643507
125 130 15 0.229029 -0.153381 0.639151
125 140 15 0.22663 -0.178062 0.626555
115 140 15 0.253999 -0.119883 0.642758
115 130 15 0.245464 -0.0918828 0.638358
115 120 15 0.236381 -0.0678418 0.6407
115 110 15 0.218011 -0.0450063 0.630081
115 100 15 0.187494 -0.0243783 0.59408
115 90 15 0.165497 -0.0102073 0.592983
115 80 15 0.142902 0.0002558 0.59747
115 70 15 0.112884 0.00595238 0.57304
105 70 15 0.0993291 0.0428998 0.562103
105 80 15 0.127791 0.0421163 0.573937
105 90 15 0.155978 0.03695 0.588047
105 100 15 0.181041 0.0265314 0.591646
105 110 15 0.20996 0.012319 0.616074
105 120 15 0.234245 -0.00751075 0.629942
105 130 15 0.254718 -0.0313388 0.645142
105 140 15 0.258682 -0.0553629 0.630744
95 140 15 0.261674 0.00900793 0.637569
95 130 15 0.233934 0.0305243 0.60519
95 120 15 0.210537 0.0491733 0.592799
95 110 15 0.183826 0.063502 0.578868
95 100 15 0.161704 0.0746227 0.578793
95 90 15 0.134693 0.0800198 0.570028
95 80 15 0.1072 0.0807547 0.559951
95 70 15 0.0802226 0.0773171 0.549224
85 130 15 0.208689 0.0854254 0.578493
85 140 15 0.228996 0.0669052 0.586435
145 140 30 0.140578 -0.310243 0.720816
145 130 30 0.148996 -0.279589 0.720945
145 120 30 0.150378 -0.248827 0.710208
145 110 30 0.15417 -0.227875 0.728492
145 100 30 0.145811 -0.19699 0.710029
145 90 30 0.135674 -0.172555 0.705793
145 80 30 0.121065 -0.148546 0.69546
145 70 30 0.100186 -0.125361 0.669175
135 70 30 0.105806 -0.0851102 0.650762
135 80 30 0.130558 -0.105306 0.685824
135 90 30 0.145751 -0.123477 0.682332
135 100 30 0.168243 -0.153318 0.724751
135 110 30 0.178705 -0.17933 0.735234
135 120 30 0.185453 -0.208241 0.744462
135 130 30 0.186909 -0.236891 0.748702
135 140 30 0.180947 -0.262972 0.742079
125 140 30 0.21444 -0.203736 0.751142
125 130 30 0.214895 -0.176092 0.75505
125 120 30 0.213132 -0.150765 0.763765
125 110 30 0.195563 -0.120176 0.731914
125 100 30 0.178476 -0.0959652 0.713186
125 90 30 0.156479 -0.0739898 0.691805
125 80 30 0.132446 -0.0561298 0.673919
125 70 30 0.111846 -0.0445866 0.668318
115 70 30 0.102052 -0.00256035 0.639667
115 80 30 0.129813 -0.00980076 0.662493
115 90 30 0.154718 -0.0221325 0.683482
115 100 30 0.177143 -0.0397982 0.699291
115 110 30 0.192186 -0.0572754 0.696563
115 120 30 0.219043 -0.085175 0.74372
115 130 30 0.236056 -0.114968 0.770434
115 140 30 0.241168 -0.143278 0.771946
105 140 30 0.243106 -0.0736227 0.745468
105 120 30 0.2165 -0.0223497 0.730828
105 110 30 0.199785 -0.0011693 0.72877
105 100 30 0.165003 0.0146252 0.669368
105 90 30 0.141592 0.02619 0.653535
105 80 30 0.116577 0.032915 0.636212
105 70 30 0.0900127 0.0354305 0.617965
95 70 30 0.0714249 0.0686598 0.59123
95 80 30 0.093739 0.0705962 0.602644
95 90 30 0.125114 0.0722608 0.640718
95 100 30 0.150175 0.0651273 0.656437
95 110 30 0.16901 0.050903 0.652034
95 120 30 0.198322 0.0368582 0.693764
95 130 30 0.226523 0.0170287 0.734438
95 140 30 0.241433 -0.0072257 0.738278
85 140 30 0.225089 0.057565 0.718516
85 130 30 0.1918 0.0739378 0.663773
