183 4
145 140 296 106
145 135 300 117
145 130 301 128
145 125 302 140
145 120 302 151
145 115 301 162
145 110 298 172
145 105 295 183
145 100 291 193
145 95 286 202
145 90 280 212
145 85 273 220
145 80 266 229
145 75 258 236
145 70 249 242
140 70 252 257
140 75 261 251
140 80 269 244
140 85 278 237
140 90 285 229
140 95 292 220
140 100 298 211
140 105 303 201
140 110 307 191
140 115 310 181
140 120 312 170
140 125 313 159
140 130 313 147
140 135 312 136
140 140 310 125
135 140 324 148
135 135 325 159
135 130 325 170
135 125 324 182
135 120 321 193
135 115 318 204
135 110 314 214
135 105 309 223
135 100 303 233
135 95 297 242
135 90 289 250
135 85 281 257
135 80 272 264
135 75 263 269
135 70 253 274
130 70 253 292
130 75 264 288
130 80 273 283
130 85 283 278
130 90 291 271
130 95 299 264
130 100 307 256
130 105 313 247
130 110 320 237
130 115 324 228
130 120 329 218
130 125 332 207
130 130 335 196
130 135 336 184
130 140 336 173
125 140 345 198
125 135 344 209
125 130 342 220
125 125 338 232
125 120 334 242
125 115 328 252
125 110 323 261
125 105 316 270
125 100 308 278
125 95 300 286
125 90 292 292
125 85 282 298
125 80 272 302
125 75 262 307
125 70 252 310
120 70 248 327
120 75 260 324
120 80 270 321
120 85 280 318
120 90 290 313
120 95 299 307
120 100 308 301
120 105 316 293
120 110 323 284
120 115 330 276
120 120 337 267
120 125 342 257
120 130 347 246
120 135 349 235
120 140 352 223
115 140 356 249
115 135 353 261
115 130 349 271
115 125 343 282
115 120 337 291
115 115 330 300
115 110 322 308
115 105 314 316
115 100 305 322
115 95 295 328
115 90 286 332
115 85 276 337
115 80 265 340
115 75 255 342
115 70 243 343
110 70 237 359
110 75 249 359
110 80 260 358
110 85 270 355
110 90 281 352
110 95 291 348
110 100 301 343
110 105 310 337
110 110 319 331
110 115 327 323
110 120 335 315
110 125 342 306
110 130 348 296
110 135 354 286
110 140 358 275
105 140 358 302
105 135 352 312
105 130 346 322
105 125 339 331
105 120 331 339
105 115 323 347
105 110 314 353
105 105 304 359
105 100 294 364
105 95 284 368
105 90 274 371
105 85 263 373
105 80 252 374
105 75 242 374
105 70 232 373
100 70 223 388
100 75 234 389
100 80 245 391
100 85 255 390
100 90 266 389
100 95 276 387
100 100 287 384
100 105 297 379
100 110 307 375
100 115 316 369
100 120 325 363
100 125 334 355
100 130 342 346
100 135 348 337
100 140 355 327
95 140 349 353
95 135 342 362
95 130 335 370
95 125 326 378
95 120 317 385
95 115 308 391
95 110 298 395
95 105 287 400
95 100 277 403
95 95 266 405
95 90 256 406
95 85 246 407
95 80 235 406
95 75 224 405
95 70 214 402
90 70 203 414
90 75 213 418
90 80 224 420
90 85 234 422
90 90 245 423
90 95 255 422
90 100 265 421
90 105 277 419
90 110 287 416
90 115 297 411
90 120 307 406
90 125 317 400
90 130 327 393
90 135 335 386
90 140 342 377
85 140 333 401
85 135 325 409
85 130 316 415
