182 4
145 140 249 33
145 135 252 45
145 130 254 56
145 125 254 68
145 120 254 80
145 115 252 91
145 110 250 102
145 105 246 113
145 100 241 123
145 95 236 133
145 90 229 142
145 85 222 150
145 80 214 158
145 75 205 166
145 70 196 173
140 70 198 188
140 75 208 181
140 80 218 175
140 85 226 167
140 90 235 159
140 95 242 151
140 100 248 141
140 105 253 132
140 110 258 121
140 115 261 111
140 120 264 100
140 125 265 88
140 130 266 76
140 135 265 65
140 140 263 53
135 140 278 78
135 135 278 90
135 130 278 101
135 125 277 113
135 120 274 124
135 115 270 135
135 110 266 145
135 105 260 155
135 100 254 165
135 95 247 173
135 90 238 181
135 85 230 189
135 80 221 196
135 75 211 201
135 70 200 206
130 70 200 225
130 75 211 221
130 80 222 216
130 85 231 210
130 90 241 203
130 95 249 196
130 100 257 188
130 105 264 179
130 110 271 169
130 115 276 160
130 120 281 150
130 125 285 139
130 130 287 127
130 135 289 116
130 140 289 104
125 140 298 130
125 135 297 142
125 130 294 153
125 125 290 164
125 120 286 175
125 115 281 185
125 110 274 195
125 105 267 203
125 100 259 211
125 95 250 219
125 90 240 225
125 85 231 231
125 80 220 236
125 75 210 240
125 70 198 243
120 70 194 260
120 75 206 258
120 80 217 255
120 85 228 251
120 90 239 247
120 95 248 240
120 100 258 233
120 105 267 227
120 110 275 218
120 115 282 210
120 120 288 200
120 125 294 190
120 130 299 179
120 135 303 169
120 140 305 157
115 140 309 184
115 135 305 195
115 130 301 205
115 125 295 216
115 120 288 226
115 115 281 235
115 110 273 243
115 105 264 250
115 100 254 257
115 95 244 263
115 90 234 267
115 85 223 272
115 80 212 274
115 75 201 276
110 70 185 294
110 75 195 293
110 80 206 293
110 85 218 291
110 90 229 287
110 95 239 284
110 100 249 279
110 105 259 273
110 110 269 267
110 115 277 259
110 120 286 251
110 125 293 241
110 130 301 232
110 135 306 222
110 140 311 211
105 140 310 237
105 135 304 248
105 130 297 258
105 125 290 267
105 120 281 276
105 115 272 283
105 110 264 290
105 105 253 296
105 100 242 300
105 95 232 305
105 90 221 308
105 85 209 310
105 80 199 310
105 75 188 310
105 70 177 309
100 70 168 326
100 75 179 327
100 80 190 328
100 85 201 327
100 90 212 326
100 95 223 324
100 100 235 321
100 105 245 317
100 110 255 312
100 115 265 307
100 120 275 300
100 125 284 292
100 130 292 283
100 135 299 274
100 140 306 264
95 140 301 290
95 135 293 300
95 130 285 308
95 125 276 316
95 120 265 323
95 115 256 329
95 110 246 334
95 105 235 337
95 100 224 341
95 95 212 343
95 90 202 344
95 85 190 344
95 80 180 344
95 75 169 343
95 70 157 340
90 70 145 354
90 75 156 357
90 80 168 360
90 85 180 361
90 90 190 362
90 95 202 361
90 100 212 360
90 105 224 358
90 110 235 355
90 115 246 351
90 120 256 345
90 125 266 340
90 130 276 332
90 135 284 324
90 140 293 315
85 140 283 340
85 135 273 348
85 130 265 355
