183 4
145 140 297 106
145 135 300 118
145 130 302 128
145 125 303 140
145 120 302 151
145 115 301 162
145 110 298 172
145 105 296 183
145 100 291 193
145 95 286 202
145 90 280 212
145 85 273 220
145 80 266 228
145 75 258 236
145 70 249 242
140 70 252 257
140 75 261 250
140 80 270 244
140 85 278 237
140 90 285 229
140 95 292 220
140 100 297 211
140 105 303 201
140 110 306 191
140 115 310 181
140 120 312 169
140 125 313 159
140 130 313 147
140 135 312 136
140 140 310 125
135 140 324 148
135 135 325 160
135 130 325 171
135 125 324 183
135 120 322 193
135 115 319 204
135 110 314 214
135 105 309 223
135 100 303 233
135 95 297 242
135 90 289 250
135 85 282 257
135 80 272 264
135 75 263 269
135 70 254 274
130 70 254 293
130 75 264 288
130 80 273 283
130 85 283 278
130 90 291 271
130 95 299 264
130 100 307 256
130 105 314 248
130 110 320 238
130 115 325 229
130 120 329 218
130 125 333 207
130 130 335 196
130 135 336 185
130 140 337 173
125 140 346 198
125 135 344 210
125 130 342 221
125 125 339 232
125 120 334 242
125 115 328 252
125 110 323 261
125 105 316 270
125 100 308 278
125 95 300 286
125 90 292 292
125 85 282 298
125 80 272 302
125 75 263 306
125 70 252 310
120 70 249 326
120 75 260 324
120 80 270 321
120 85 280 317
120 90 290 312
120 95 299 306
120 100 308 300
120 105 316 293
120 110 324 285
120 115 330 276
120 120 337 266
120 125 342 256
120 130 346 246
120 135 350 235
120 140 352 224
115 140 356 250
115 135 353 261
115 130 349 271
115 125 343 282
115 120 337 291
115 115 330 300
115 110 322 308
115 105 314 316
115 100 305 322
115 95 296 328
115 90 286 332
115 85 276 337
115 80 265 340
115 75 255 342
115 70 244 343
110 70 239 358
110 75 249 358
110 80 260 357
110 85 271 355
110 90 281 352
110 95 291 348
110 100 301 343
110 105 310 337
110 110 319 331
110 115 327 323
110 120 335 315
110 125 342 306
110 130 348 296
110 135 354 286
110 140 358 276
105 140 358 302
105 135 352 312
105 130 346 322
105 125 339 331
105 120 331 339
105 115 323 347
105 110 314 353
105 105 305 359
105 100 294 364
105 95 285 368
105 90 274 371
105 85 264 373
105 80 253 374
105 75 243 374
105 70 231 374
100 70 223 388
100 75 234 390
100 80 245 390
100 85 255 390
100 90 266 389
100 95 276 386
100 100 286 383
100 105 297 379
100 110 306 375
100 115 316 369
100 120 325 363
100 125 333 355
100 130 342 346
100 135 348 337
100 140 354 328
95 140 350 353
95 135 342 362
95 130 335 371
95 125 326 378
95 120 317 385
95 115 308 391
95 110 298 396
95 105 288 400
95 100 277 403
95 95 267 405
95 90 257 406
95 85 246 406
95 80 235 406
95 75 224 404
95 70 214 402
90 70 202 414
90 75 213 418
90 80 224 420
90 85 235 422
90 90 245 423
90 95 255 422
90 100 265 420
90 105 277 418
90 110 288 415
90 115 297 411
90 120 307 406
90 125 317 400
90 130 326 393
90 135 335 386
90 140 342 377
85 140 333 401
85 135 325 408
85 130 316 415
